Addestrato con 10 features. 
Accuracy media SVM: 90.4957 
Miglioramenti medi SVM+parser: 214
Vettore accuracy:	91.0019	90.538	89.9814	89.7032	87.4768	91.0019	90.167	89.9814	92.2078	90.3525	
Vettore miglioramenti:	270	347	154	252	115	209	182	236	173	193	

Addestrato con 20 features. 
Accuracy media SVM: 111.653 
Miglioramenti medi SVM+parser: 159
Vettore accuracy:	91.0019	90.538	89.9814	89.7032	87.4768	91.0019	90.167	89.9814	92.2078	90.3525	95.1446	94.1116	90.9091	94.6281	92.9752	
Vettore miglioramenti:	270	347	154	252	115	209	182	236	173	193	53	187	152	68	120	

Addestrato con 30 features. 
Accuracy media SVM: 132.012 
Miglioramenti medi SVM+parser: 202
Vettore accuracy:	91.0019	90.538	89.9814	89.7032	87.4768	91.0019	90.167	89.9814	92.2078	90.3525	95.1446	94.1116	90.9091	94.6281	92.9752	93.5897	94.7552	96.0373	
Vettore miglioramenti:	270	347	154	252	115	209	182	236	173	193	53	187	152	68	120	12	211	224	

Addestrato con 40 features. 
Accuracy media SVM: 162.263 
Miglioramenti medi SVM+parser: 107
Vettore accuracy:	91.0019	90.538	89.9814	89.7032	87.4768	91.0019	90.167	89.9814	92.2078	90.3525	95.1446	94.1116	90.9091	94.6281	92.9752	93.5897	94.7552	96.0373	96.6578	95.8556	
Vettore miglioramenti:	270	347	154	252	115	209	182	236	173	193	53	187	152	68	120	12	211	224	0	11	

Addestrato con 50 features. 
Accuracy media SVM: 178.153 
Miglioramenti medi SVM+parser: 158
Vettore accuracy:	91.0019	90.538	89.9814	89.7032	87.4768	91.0019	90.167	89.9814	92.2078	90.3525	95.1446	94.1116	90.9091	94.6281	92.9752	93.5897	94.7552	96.0373	96.6578	95.8556	96.8652	97.1787	
Vettore miglioramenti:	270	347	154	252	115	209	182	236	173	193	53	187	152	68	120	12	211	224	0	11	140	68	

Addestrato con 60 features. 
Accuracy media SVM: 275.691 
Miglioramenti medi SVM+parser: 158
Vettore accuracy:	91.0019	90.538	89.9814	89.7032	87.4768	91.0019	90.167	89.9814	92.2078	90.3525	95.1446	94.1116	90.9091	94.6281	92.9752	93.5897	94.7552	96.0373	96.6578	95.8556	96.8652	97.1787	97.5379	
Vettore miglioramenti:	270	347	154	252	115	209	182	236	173	193	53	187	152	68	120	12	211	224	0	11	140	68	0	

Addestrato con 70 features. 
Accuracy media SVM: 373.777 
Miglioramenti medi SVM+parser: 230
Vettore accuracy:	91.0019	90.538	89.9814	89.7032	87.4768	91.0019	90.167	89.9814	92.2078	90.3525	95.1446	94.1116	90.9091	94.6281	92.9752	93.5897	94.7552	96.0373	96.6578	95.8556	96.8652	97.1787	97.5379	98.0861	
Vettore miglioramenti:	270	347	154	252	115	209	182	236	173	193	53	187	152	68	120	12	211	224	0	11	140	68	0	72	

Addestrato con 80 features. 
Accuracy media SVM: 471.829 
Miglioramenti medi SVM+parser: 236
Vettore accuracy:	91.0019	90.538	89.9814	89.7032	87.4768	91.0019	90.167	89.9814	92.2078	90.3525	95.1446	94.1116	90.9091	94.6281	92.9752	93.5897	94.7552	96.0373	96.6578	95.8556	96.8652	97.1787	97.5379	98.0861	98.0519	
Vettore miglioramenti:	270	347	154	252	115	209	182	236	173	193	53	187	152	68	120	12	211	224	0	11	140	68	0	72	6	

