x
0 1000
1 16.1554944214035 61.5223536610881
2 16.6433169770932 64.5368112010502
3 12.0830459735946 76.4852927038918
4 19.2093727122985 77.23341245859849
5 21.9317121994613 77.00649323271379
6 18.6815416922694 75.16648189186451
7 18.9736659610103 75
8 20.2484567313166 74.16872656315461
9 20.2484567313166 76.4852927038918
10 16.5529453572468 77.4661216274573
11 16.6433169770932 77.175125526299
12 18.0277563773199 78.7718223732319
13 18.8679622641132 78.7146746166177
14 19.4164878389476 79.9812478022192
15 20.8086520466848 77.8973683766018
16 22.4722050542442 77.23341245859849
17 24.3515913237718 76.32168761236871
18 21.2602916254693 78.7210264160726
19 18.2482875908947 80.11242100947889
20 17.0293863659264 81.1541742610939
21 17.2626765016321 82.07923001588161
22 18.4390889145858 82.28000972289681
23 18.1107702762748 82.5408989531856
24 17.2626765016321 79.6994353806851
25 15.52417469626 74.6726188103779
26 17.2626765016321 73.5527021937332
27 18.6010752377383 74.8465096046569
28 17.6918060129541 70.2139587261678
29 15.6204993518133 71.2530701092942
30 18.0277563773199 79.60527620704551
31 12.1655250605964 80.11242100947889
32 14.3178210632764 81.93289937503739
33 14.560219778561 80.02499609497021
34 16.1554944214035 78.5175139698144
35 15.8113883008419 75.538069872085
36 17.2626765016321 74.54528824815149
37 17.7200451466693 74.2428447730823
38 17.0880074906351 86.92525524840291
39 22.2036033111745 88.6002257333467
40 23.0867927612304 88.8650662521556
41 18.1107702762748 87.9317917479224
42 17.1172427686237 85.1645466141868
43 16.7630546142402 75
44 18.0277563773199 74.06078584514211
45 20 74.3303437365925
46 17.6918060129541 74.62573282722251
47 18.4390889145858 75.1531769122237
48 17.6918060129541 83.3846508657319
49 17 81.7435012707432
50 17.0880074906351 81.6088230524127
51 14.3178210632764 76.9220384545287
52 10.6301458127346 74.4647567645259
53 9.219544457292891 72.8010988928052
54 7.81024967590665 76
55 6.70820393249937 77.00649323271379
56 7.28010988928052 79.3095202355934
57 9.219544457292891 76.0263112349928
58 10.4403065089106 72.47068372797369
59 13.9283882771841 71.4702735408225
60 15.2315462117278 71.16881339463229
61 14.3178210632764 71.84010022264719
62 16.0312195418814 84.11896337925241
63 17.1172427686237 83.240615086627
64 19.723082923316 92.6120942425988
65 19.1049731745428 92.1357693840997
66 19.2353840616713 80.52328855678959
67 20.3960780543711 76.1642960973185
68 17.2626765016321 75.9275970909129
69 15.52417469626 77.2787163454466
70 12.1655250605964 79.83107164506811
71 16.7630546142402 87.0976463516667
72 18.9736659610103 90.24411338142779
73 22.8035085019828 90.9560333347931
74 21.0237960416286 89.5600357302296
75 21.540659228538 87.92041856133309
76 17.464249196573 70.6116137756389
77 18.3847763108502 69.8569967862919
78 20 77.6659513557904
79 19.1049731745428 79.2464510246358
80 17.0293863659264 83.1865373723417
81 23.8537208837531 82.76472678623421
82 21.0237960416286 79.7057087039567
83 21.095023109729 79.0759128938769
84 18.2482875908947 79.3095202355934
85 18.0277563773199 80.52328855678959
86 20.2484567313166 78.1024967590665
87 20.3960780543711 79.0759128938769
88 18.1107702762748 80.6039701255465
89 20.6155281280883 78.63841300535
90 22.2036033111745 78.5175139698144
91 17.6918060129541 75.538069872085
92 19.2353840616713 79.6303962064738
93 23.0217288664427 81.4923309275173
94 21.9317121994613 75.4718490564528
95 20.6155281280883 72.4223722339996
96 20.2237484161567 84.0535543567314
97 19.4164878389476 86.28441342444189
98 20.8806130178211 85.37564055396599
99 17 72.4499827467198
100 17.0880074906351 71.70076708097341
101 17.464249196573 72.4499827467198
102 18.9736659610103 72.8010988928052
103 17.7200451466693 78.10889834071401
104 18.4390889145858 70.6045324324154
105 22.561028345357 70.40596565632769
106 22.6715680975093 69.2314957226839
107 22.4722050542442 67.74215821775979
108 22.8473193175917 70.5761999543756
109 0 77.05841939723391
110 0 77.00649323271379
111 0 75.05997601918079
112 0 73.5391052434009
113 0 77.0778826901725
114 0 78.2623792124926
115 0 77.8267306264371
116 0 73.9256383131049
117 0 72.7186358507914
118 0 63.3245607959503
119 0 63.1506136153878
120 0 63.2455532033676
